======================================================================
LEAD 1: L4_cffan_k14_s42
  Preset: cffan
  Data: /mnt/home/vincent.wilmet/brain2speech/data/sentences_paper_256d.h5 (256D)
  Model: hidden=1024, layers=5, BiGRU
  Stacking: kernel=14 (280ms), stride=4 (80ms)
  Day-specific: 256→256 softsign
  Optimizer: adam lr=0.02 eps=0.1
  Noise: white=1.0, offset=0.2
  Batch: 64, Dropout: 0.4
  Split: within-day
  Seed: 42
======================================================================
  Loading 2000/8780 (7.8s)...
  Loading 4000/8780 (13.7s)...
  Loading 6000/8780 (19.4s)...
  Loading 8000/8780 (25.1s)...
Loaded 8780 trials (27.4s) — raw 256D, avg 315 frames

Split: within-day (40/day test, 10% val)
Trials: 6942 train, 878 val, 960 test
Feature dim: 256
Avg raw frames: 315

Model: EnhancedGRU (BiGRU), 93.5M params
  Stacked input: 3584D → 1024D
  RNN output: 2048D
  Day-specific: 24 sessions (24 train, 0 shared)

Training: 925 epochs, 108 batches/epoch
Scheduler: linear

Epoch     Loss      CTC   ValPER         LR   Time
-------------------------------------------------------
    1   3.4133   3.4133    1.000   2.00e-02   8.4s ***
    2   3.2150   3.2150    1.000   2.00e-02   6.6s
    3   3.1880   3.1880    0.987   1.99e-02   6.4s ***
    4   3.1541   3.1541    0.909   1.99e-02   6.5s ***
    5   3.1147   3.1147    0.832   1.99e-02   6.4s ***
    6   3.0555   3.0555    0.789   1.99e-02   6.3s ***
    7   3.0011   3.0011    0.774   1.98e-02   6.5s ***
    8   2.9504   2.9504    0.784   1.98e-02   6.6s
    9   2.8954   2.8954    0.759   1.98e-02   6.5s ***
   10   2.8399   2.8399    0.751   1.98e-02   6.4s ***
   11   2.7811   2.7811    0.722   1.98e-02   6.5s ***
   12   2.7220   2.7220    0.737   1.97e-02   6.4s
   13   2.6613   2.6613    0.696   1.97e-02   6.5s ***
   14   2.6020   2.6020    0.694   1.97e-02   6.5s ***
   15   2.5485   2.5485    0.679   1.97e-02   6.6s ***
   16   2.4937   2.4937    0.641   1.97e-02   6.5s ***
   17   2.4456   2.4456    0.632   1.96e-02   6.4s ***
   18   2.3999   2.3999    0.609   1.96e-02   6.4s ***
   19   2.3480   2.3480    0.593   1.96e-02   6.4s ***
   20   2.3002   2.3002    0.556   1.96e-02   6.4s ***
   21   2.2517   2.2517    0.554   1.95e-02   6.5s ***
   22   2.2068   2.2068    0.547   1.95e-02   6.4s ***
   23   2.1615   2.1615    0.537   1.95e-02   6.5s ***
   24   2.1271   2.1271    0.523   1.95e-02   6.4s ***
   25   2.0893   2.0893    0.518   1.95e-02   6.4s ***
   26   2.0604   2.0604    0.501   1.94e-02   6.4s ***
   27   2.0255   2.0255    0.504   1.94e-02   6.6s
   28   1.9977   1.9977    0.486   1.94e-02   6.6s ***
   29   1.9670   1.9670    0.496   1.94e-02   6.4s
   30   1.9392   1.9392    0.477   1.94e-02   6.4s ***
   31   1.9099   1.9099    0.472   1.93e-02   6.3s ***
   32   1.8820   1.8820    0.471   1.93e-02   6.4s ***
   33   1.8590   1.8590    0.458   1.93e-02   6.3s ***
   34   1.8352   1.8352    0.454   1.93e-02   6.4s ***
   35   1.8141   1.8141    0.445   1.92e-02   6.4s ***
   36   1.7944   1.7944    0.437   1.92e-02   6.3s ***
   37   1.7730   1.7730    0.428   1.92e-02   6.4s ***
   38   1.7534   1.7534    0.426   1.92e-02   6.3s ***
   39   1.7338   1.7338    0.428   1.92e-02   6.4s
   40   1.7143   1.7143    0.418   1.91e-02   6.4s ***
   41   1.7009   1.7009    0.410   1.91e-02   6.6s ***
   42   1.6854   1.6854    0.410   1.91e-02   6.4s ***
   43   1.6677   1.6677    0.403   1.91e-02   6.4s ***
   44   1.6508   1.6508    0.403   1.90e-02   6.5s ***
   45   1.6439   1.6439    0.395   1.90e-02   6.5s ***
   46   1.6301   1.6301    0.396   1.90e-02   6.4s
   47   1.6115   1.6115    0.388   1.90e-02   6.4s ***
   48   1.6038   1.6038    0.386   1.90e-02   6.4s ***
   49   1.5892   1.5892    0.379   1.89e-02   6.4s ***
   50   1.5726   1.5726    0.383   1.89e-02   6.4s
   51   1.5638   1.5638    0.373   1.89e-02   6.5s ***
   52   1.5517   1.5517    0.374   1.89e-02   6.4s
   53   1.5373   1.5373    0.370   1.89e-02   6.4s ***
   54   1.5305   1.5305    0.372   1.88e-02   6.4s
   55   1.5205   1.5205    0.368   1.88e-02   6.4s ***
   56   1.5010   1.5010    0.363   1.88e-02   6.5s ***
   57   1.4926   1.4926    0.360   1.88e-02   6.4s ***
   58   1.4851   1.4851    0.360   1.87e-02   6.3s ***
   59   1.4723   1.4723    0.359   1.87e-02   6.4s ***
   60   1.4643   1.4643    0.352   1.87e-02   6.4s ***
   61   1.4568   1.4568    0.354   1.87e-02   6.3s
   62   1.4434   1.4434    0.349   1.87e-02   6.4s ***
   63   1.4344   1.4344    0.341   1.86e-02   6.5s ***
   64   1.4247   1.4247    0.341   1.86e-02   6.4s ***
   65   1.4189   1.4189    0.342   1.86e-02   6.3s
   66   1.4095   1.4095    0.339   1.86e-02   6.3s ***
   67   1.3966   1.3966    0.334   1.86e-02   6.3s ***
   68   1.3950   1.3950    0.338   1.85e-02   6.4s
   69   1.3847   1.3847    0.335   1.85e-02   6.4s
   70   1.3757   1.3757    0.331   1.85e-02   6.3s ***
   71   1.3645   1.3645    0.333   1.85e-02   6.4s
   72   1.3531   1.3531    0.327   1.84e-02   6.3s ***
   73   1.3537   1.3537    0.327   1.84e-02   6.5s ***
   74   1.3454   1.3454    0.327   1.84e-02   6.5s ***
   75   1.3381   1.3381    0.321   1.84e-02   6.6s ***
   76   1.3310   1.3310    0.321   1.84e-02   6.7s
   77   1.3186   1.3186    0.321   1.83e-02   6.3s
   78   1.3084   1.3084    0.320   1.83e-02   6.4s ***
   79   1.3169   1.3169    0.318   1.83e-02   6.4s ***
   80   1.3071   1.3071    0.312   1.83e-02   6.4s ***
   81   1.2977   1.2977    0.316   1.83e-02   6.5s
   82   1.2835   1.2835    0.314   1.82e-02   6.4s
   83   1.2769   1.2769    0.307   1.82e-02   6.4s ***
   84   1.2733   1.2733    0.303   1.82e-02   6.4s ***
   85   1.2601   1.2601    0.308   1.82e-02   6.3s
   86   1.2629   1.2629    0.306   1.81e-02   6.3s
   87   1.2533   1.2533    0.305   1.81e-02   6.4s
   88   1.2431   1.2431    0.305   1.81e-02   6.3s
   89   1.2399   1.2399    0.311   1.81e-02   6.3s
   90   1.2387   1.2387    0.302   1.81e-02   6.4s ***
   91   1.2311   1.2311    0.301   1.80e-02   6.4s ***
   92   1.2220   1.2220    0.300   1.80e-02   6.4s ***
   93   1.2114   1.2114    0.294   1.80e-02   6.5s ***
   94   1.2059   1.2059    0.296   1.80e-02   6.5s
   95   1.2036   1.2036    0.295   1.79e-02   6.4s
   96   1.1921   1.1921    0.292   1.79e-02   6.3s ***
   97   1.1883   1.1883    0.288   1.79e-02   6.5s ***
   98   1.1866   1.1866    0.292   1.79e-02   6.4s
   99   1.1762   1.1762    0.288   1.79e-02   6.4s
  100   1.1745   1.1745    0.291   1.78e-02   6.4s
  101   1.1717   1.1717    0.289   1.78e-02   6.4s
  102   1.1659   1.1659    0.284   1.78e-02   6.4s ***
  103   1.1548   1.1548    0.285   1.78e-02   6.4s
  104   1.1509   1.1509    0.284   1.78e-02   6.3s
  105   1.1451   1.1451    0.280   1.77e-02   6.3s ***
  106   1.1425   1.1425    0.281   1.77e-02   6.3s
  107   1.1380   1.1380    0.281   1.77e-02   6.4s
  108   1.1359   1.1359    0.281   1.77e-02   6.7s
  109   1.1272   1.1272    0.282   1.76e-02   6.4s
  110   1.1154   1.1154    0.282   1.76e-02   6.4s
  111   1.1135   1.1135    0.278   1.76e-02   6.4s ***
  112   1.1095   1.1095    0.279   1.76e-02   6.5s
  113   1.1123   1.1123    0.278   1.76e-02   6.4s
  114   1.0981   1.0981    0.275   1.75e-02   6.8s ***
  115   1.0998   1.0998    0.273   1.75e-02   6.5s ***
  116   1.0858   1.0858    0.274   1.75e-02   6.4s
  117   1.0865   1.0865    0.273   1.75e-02   6.4s
  118   1.0808   1.0808    0.270   1.75e-02   6.5s ***
  119   1.0789   1.0789    0.276   1.74e-02   6.5s
  120   1.0663   1.0663    0.269   1.74e-02   6.5s ***
  121   1.0692   1.0692    0.268   1.74e-02   6.5s ***
  122   1.0681   1.0681    0.264   1.74e-02   6.3s ***
  123   1.0569   1.0569    0.266   1.73e-02   6.5s
  124   1.0519   1.0519    0.268   1.73e-02   6.4s
  125   1.0447   1.0447    0.266   1.73e-02   6.3s
  126   1.0488   1.0488    0.266   1.73e-02   6.5s
  127   1.0488   1.0488    0.266   1.73e-02   6.4s
  128   1.0375   1.0375    0.261   1.72e-02   6.4s ***
  129   1.0380   1.0380    0.264   1.72e-02   6.5s
  130   1.0380   1.0380    0.263   1.72e-02   6.5s
  131   1.0282   1.0282    0.268   1.72e-02   6.5s
  132   1.0295   1.0295    0.264   1.71e-02   6.5s
  133   1.0247   1.0247    0.262   1.71e-02   6.4s
  134   1.0111   1.0111    0.261   1.71e-02   6.4s
  135   1.0127   1.0127    0.260   1.71e-02   6.5s ***
  136   1.0026   1.0026    0.262   1.71e-02   6.3s
  137   1.0090   1.0090    0.261   1.70e-02   6.5s
  138   0.9908   0.9908    0.259   1.70e-02   6.5s ***
  139   0.9848   0.9848    0.260   1.70e-02   6.5s
  140   0.9907   0.9907    0.261   1.70e-02   6.5s
  141   0.9835   0.9835    0.262   1.70e-02   6.5s
  142   0.9804   0.9804    0.257   1.69e-02   6.5s ***
  143   0.9688   0.9688    0.256   1.69e-02   6.5s ***
  144   0.9724   0.9724    0.259   1.69e-02   6.4s
  145   0.9597   0.9597    0.258   1.69e-02   6.4s
  146   0.9654   0.9654    0.254   1.68e-02   6.5s ***
  147   0.9564   0.9564    0.255   1.68e-02   6.6s
  148   0.9545   0.9545    0.254   1.68e-02   6.3s ***
  149   0.9477   0.9477    0.257   1.68e-02   6.4s
  150   0.9448   0.9448    0.255   1.68e-02   6.4s
  151   0.9410   0.9410    0.251   1.67e-02   6.4s ***
  152   0.9412   0.9412    0.250   1.67e-02   6.4s ***
  153   0.9290   0.9290    0.253   1.67e-02   6.4s
  154   0.9282   0.9282    0.254   1.67e-02   6.4s
  155   0.9324   0.9324    0.248   1.67e-02   6.3s ***
  156   0.9196   0.9196    0.250   1.66e-02   6.4s
  157   0.9190   0.9190    0.248   1.66e-02   6.5s
  158   0.9096   0.9096    0.249   1.66e-02   6.4s
  159   0.9102   0.9102    0.251   1.66e-02   6.5s
  160   0.9115   0.9115    0.251   1.65e-02   6.4s
  161   0.9137   0.9137    0.251   1.65e-02   6.4s
  162   0.8952   0.8952    0.246   1.65e-02   6.4s ***
  163   0.8902   0.8902    0.246   1.65e-02   6.6s ***
  164   0.8903   0.8903    0.246   1.65e-02   6.4s ***
  165   0.8861   0.8861    0.247   1.64e-02   6.3s
  166   0.8803   0.8803    0.245   1.64e-02   6.5s ***
  167   0.8742   0.8742    0.248   1.64e-02   6.4s
  168   0.8739   0.8739    0.244   1.64e-02   6.4s ***
  169   0.8754   0.8754    0.244   1.63e-02   6.5s ***
  170   0.8697   0.8697    0.243   1.63e-02   6.4s ***
  171   0.8677   0.8677    0.245   1.63e-02   6.6s
  172   0.8554   0.8554    0.245   1.63e-02   6.6s
  173   0.8572   0.8572    0.242   1.63e-02   6.5s ***
  174   0.8455   0.8455    0.243   1.62e-02   6.4s
  175   0.8494   0.8494    0.238   1.62e-02   6.4s ***
  176   0.8426   0.8426    0.242   1.62e-02   6.3s
  177   0.8476   0.8476    0.245   1.62e-02   6.3s
  178   0.8380   0.8380    0.245   1.62e-02   6.4s
  179   0.8424   0.8424    0.241   1.61e-02   6.4s
  180   0.8347   0.8347    0.242   1.61e-02   6.3s
  181   0.8239   0.8239    0.241   1.61e-02   6.3s
  182   0.8203   0.8203    0.242   1.61e-02   6.3s
  183   0.8175   0.8175    0.241   1.60e-02   6.4s
  184   0.8192   0.8192    0.237   1.60e-02   6.5s ***
  185   0.8170   0.8170    0.239   1.60e-02   6.6s
  186   0.8107   0.8107    0.238   1.60e-02   6.3s
  187   0.8074   0.8074    0.240   1.60e-02   6.4s
  188   0.8055   0.8055    0.238   1.59e-02   6.4s
  189   0.8030   0.8030    0.239   1.59e-02   6.4s
  190   0.7974   0.7974    0.238   1.59e-02   6.4s
  191   0.7977   0.7977    0.239   1.59e-02   6.3s
  192   0.7846   0.7846    0.237   1.59e-02   6.4s
  193   0.7741   0.7741    0.233   1.58e-02   6.4s ***
  194   0.7841   0.7841    0.237   1.58e-02   6.4s
  195   0.7792   0.7792    0.233   1.58e-02   6.4s
  196   0.7670   0.7670    0.235   1.58e-02   6.4s
  197   0.7696   0.7696    0.233   1.57e-02   6.3s
  198   0.7706   0.7706    0.233   1.57e-02   6.4s ***
  199   0.7642   0.7642    0.236   1.57e-02   6.4s
  200   0.7716   0.7716    0.237   1.57e-02   6.4s
  201   0.7651   0.7651    0.235   1.57e-02   6.3s
  202   0.7504   0.7504    0.232   1.56e-02   6.4s ***
  203   0.7504   0.7504    0.232   1.56e-02   6.3s
  204   0.7519   0.7519    0.233   1.56e-02   6.5s
  205   0.7493   0.7493    0.231   1.56e-02   6.4s ***
  206   0.7398   0.7398    0.228   1.56e-02   6.4s ***
  207   0.7442   0.7442    0.231   1.55e-02   6.4s
  208   0.7341   0.7341    0.231   1.55e-02   6.4s
  209   0.7309   0.7309    0.229   1.55e-02   6.4s
  210   0.7284   0.7284    0.228   1.55e-02   6.4s ***
  211   0.7247   0.7247    0.230   1.54e-02   6.6s
  212   0.7262   0.7262    0.227   1.54e-02   6.3s ***
  213   0.7170   0.7170    0.230   1.54e-02   6.3s
  214   0.7185   0.7185    0.229   1.54e-02   6.4s
  215   0.7160   0.7160    0.228   1.54e-02   6.4s
  216   0.7157   0.7157    0.232   1.53e-02   6.3s
  217   0.7072   0.7072    0.226   1.53e-02   6.4s ***
  218   0.7076   0.7076    0.227   1.53e-02   6.5s
  219   0.6961   0.6961    0.225   1.53e-02   6.3s ***
  220   0.6894   0.6894    0.230   1.52e-02   6.3s
  221   0.6975   0.6975    0.229   1.52e-02   6.4s
  222   0.6916   0.6916    0.225   1.52e-02   6.3s ***
  223   0.6886   0.6886    0.229   1.52e-02   6.4s
  224   0.6775   0.6775    0.229   1.52e-02   6.3s
  225   0.6826   0.6826    0.228   1.51e-02   6.4s
  226   0.6845   0.6845    0.226   1.51e-02   6.5s
  227   0.6742   0.6742    0.226   1.51e-02   6.6s
  228   0.6640   0.6640    0.228   1.51e-02   6.4s
  229   0.6684   0.6684    0.224   1.51e-02   6.4s ***
  230   0.6644   0.6644    0.226   1.50e-02   6.4s
  231   0.6635   0.6635    0.225   1.50e-02   6.5s
  232   0.6536   0.6536    0.225   1.50e-02   6.3s
  233   0.6532   0.6532    0.227   1.50e-02   6.5s
  234   0.6558   0.6558    0.225   1.49e-02   6.6s
  235   0.6560   0.6560    0.227   1.49e-02   6.5s
  236   0.6449   0.6449    0.224   1.49e-02   6.4s ***
  237   0.6455   0.6455    0.226   1.49e-02   6.4s
  238   0.6493   0.6493    0.225   1.49e-02   6.3s
  239   0.6398   0.6398    0.226   1.48e-02   6.3s
  240   0.6399   0.6399    0.224   1.48e-02   6.3s ***
  241   0.6344   0.6344    0.222   1.48e-02   6.4s ***
  242   0.6343   0.6343    0.224   1.48e-02   6.4s
  243   0.6348   0.6348    0.225   1.48e-02   6.4s
  244   0.6274   0.6274    0.222   1.47e-02   6.4s ***
  245   0.6279   0.6279    0.224   1.47e-02   6.5s
  246   0.6241   0.6241    0.223   1.47e-02   6.3s
  247   0.6193   0.6193    0.221   1.47e-02   6.3s ***
  248   0.6184   0.6184    0.222   1.46e-02   6.4s
  249   0.6267   0.6267    0.224   1.46e-02   6.4s
  250   0.6149   0.6149    0.225   1.46e-02   6.4s
  251   0.6086   0.6086    0.224   1.46e-02   6.3s
  252   0.5988   0.5988    0.224   1.46e-02   6.4s
  253   0.6116   0.6116    0.223   1.45e-02   6.3s
  254   0.6055   0.6055    0.221   1.45e-02   6.4s
  255   0.6015   0.6015    0.221   1.45e-02   6.3s ***
  256   0.5990   0.5990    0.222   1.45e-02   6.4s
  257   0.5923   0.5923    0.222   1.44e-02   6.4s
  258   0.5900   0.5900    0.222   1.44e-02   6.4s
  259   0.5819   0.5819    0.222   1.44e-02   6.4s
  260   0.5838   0.5838    0.224   1.44e-02   6.3s
  261   0.5832   0.5832    0.222   1.44e-02   6.2s
  262   0.5788   0.5788    0.221   1.43e-02   6.3s
  263   0.5843   0.5843    0.221   1.43e-02   6.3s
  264   0.5790   0.5790    0.220   1.43e-02   6.3s ***
  265   0.5718   0.5718    0.223   1.43e-02   6.3s
  266   0.5706   0.5706    0.220   1.43e-02   6.3s
  267   0.5681   0.5681    0.217   1.42e-02   6.4s ***
  268   0.5593   0.5593    0.218   1.42e-02   6.3s
  269   0.5591   0.5591    0.220   1.42e-02   6.3s
  270   0.5603   0.5603    0.220   1.42e-02   6.3s
  271   0.5536   0.5536    0.220   1.41e-02   6.3s
  272   0.5503   0.5503    0.218   1.41e-02   6.3s
  273   0.5511   0.5511    0.215   1.41e-02   6.4s ***
  274   0.5435   0.5435    0.218   1.41e-02   6.4s
  275   0.5477   0.5477    0.219   1.41e-02   6.4s
  276   0.5436   0.5436    0.221   1.40e-02   6.4s
  277   0.5388   0.5388    0.222   1.40e-02   6.4s
  278   0.5376   0.5376    0.220   1.40e-02   6.3s
  279   0.5357   0.5357    0.224   1.40e-02   6.3s
  280   0.5380   0.5380    0.221   1.40e-02   6.4s
  281   0.5378   0.5378    0.218   1.39e-02   6.4s
  282   0.5270   0.5270    0.221   1.39e-02   6.3s
  283   0.5314   0.5314    0.220   1.39e-02   6.3s
  284   0.5189   0.5189    0.219   1.39e-02   6.2s
  285   0.5205   0.5205    0.217   1.38e-02   6.4s
  286   0.5229   0.5229    0.216   1.38e-02   6.3s
  287   0.5222   0.5222    0.221   1.38e-02   6.3s
  288   0.5171   0.5171    0.222   1.38e-02   6.5s
  289   0.5149   0.5149    0.221   1.38e-02   6.3s
  290   0.5134   0.5134    0.219   1.37e-02   6.3s
  291   0.5038   0.5038    0.217   1.37e-02   6.4s
  292   0.5052   0.5052    0.215   1.37e-02   6.3s
  293   0.5041   0.5041    0.216   1.37e-02   6.5s
  294   0.5046   0.5046    0.220   1.36e-02   6.3s
  295   0.5008   0.5008    0.216   1.36e-02   6.3s
  296   0.4996   0.4996    0.218   1.36e-02   6.4s
  297   0.5029   0.5029    0.218   1.36e-02   6.4s
  298   0.5006   0.5006    0.216   1.36e-02   6.4s
  299   0.4898   0.4898    0.216   1.35e-02   6.3s
  300   0.4886   0.4886    0.218   1.35e-02   6.5s
  301   0.4894   0.4894    0.221   1.35e-02   6.4s
  302   0.4852   0.4852    0.220   1.35e-02   6.5s
  303   0.4857   0.4857    0.219   1.35e-02   6.5s
  304   0.4839   0.4839    0.222   1.34e-02   6.4s
  305   0.4876   0.4876    0.216   1.34e-02   6.4s
  306   0.4764   0.4764    0.217   1.34e-02   6.5s
  307   0.4782   0.4782    0.219   1.34e-02   6.5s
  308   0.4778   0.4778    0.215   1.33e-02   6.4s
  309   0.4665   0.4665    0.216   1.33e-02   6.4s
  310   0.4715   0.4715    0.217   1.33e-02   6.3s
  311   0.4702   0.4702    0.218   1.33e-02   6.4s
  312   0.4664   0.4664    0.215   1.33e-02   6.4s ***
  313   0.4565   0.4565    0.216   1.32e-02   6.3s
  314   0.4650   0.4650    0.218   1.32e-02   6.4s
  315   0.4577   0.4577    0.216   1.32e-02   6.4s
  316   0.4542   0.4542    0.213   1.32e-02   6.4s ***
  317   0.4465   0.4465    0.217   1.32e-02   6.4s
  318   0.4545   0.4545    0.220   1.31e-02   6.3s
  319   0.4437   0.4437    0.215   1.31e-02   6.4s
  320   0.4484   0.4484    0.218   1.31e-02   6.3s
  321   0.4472   0.4472    0.218   1.31e-02   6.4s
  322   0.4406   0.4406    0.220   1.30e-02   6.4s
  323   0.4526   0.4526    0.217   1.30e-02   6.3s
  324   0.4412   0.4412    0.215   1.30e-02   6.3s
  325   0.4381   0.4381    0.219   1.30e-02   6.4s
  326   0.4353   0.4353    0.216   1.30e-02   6.3s
  327   0.4354   0.4354    0.217   1.29e-02   6.3s
  328   0.4332   0.4332    0.218   1.29e-02   6.4s
  329   0.4355   0.4355    0.220   1.29e-02   6.3s
  330   0.4340   0.4340    0.216   1.29e-02   6.3s
  331   0.4285   0.4285    0.215   1.29e-02   6.2s
  332   0.4323   0.4323    0.221   1.28e-02   6.4s
  333   0.4332   0.4332    0.219   1.28e-02   6.4s
  334   0.4258   0.4258    0.218   1.28e-02   6.4s
  335   0.4275   0.4275    0.218   1.28e-02   6.4s
  336   0.4224   0.4224    0.214   1.27e-02   6.4s
  337   0.4131   0.4131    0.213   1.27e-02   6.4s ***
