======================================================================
LEAD 1: L1.1c_paper_withinday
  Preset: paper
  Data: /mnt/home/vincent.wilmet/brain2speech/data/sentences_paper_256d.h5 (256D)
  Model: hidden=512, layers=5, UniGRU
  Stacking: kernel=14 (280ms), stride=4 (80ms)
  Day-specific: 256→256 softsign
  Optimizer: adam lr=0.02 eps=0.1
  Noise: white=1.0, offset=0.2
  Batch: 64, Dropout: 0.4
  Split: within-day
  Seed: 42
======================================================================
  Loading 2000/8780 (13.7s)...
  Loading 4000/8780 (22.7s)...
  Loading 6000/8780 (33.5s)...
  Loading 8000/8780 (43.0s)...
Loaded 8780 trials (48.6s) — raw 256D, avg 315 frames

Split: within-day (40/day test, 10% val)
Trials: 6942 train, 878 val, 960 test
Feature dim: 256
Avg raw frames: 315

Model: EnhancedGRU (UniGRU), 11.4M params
  Stacked input: 3584D → 512D
  RNN output: 512D
  Day-specific: 24 sessions (24 train, 0 shared)

Training: 925 epochs, 108 batches/epoch
Scheduler: linear

Epoch     Loss      CTC   ValPER         LR   Time
-------------------------------------------------------
    1   3.5557   3.5557    1.000   2.00e-02   5.7s ***
    2   3.2316   3.2316    1.000   2.00e-02   3.5s
    3   3.2274   3.2274    1.000   1.99e-02   3.6s
    4   3.2217   3.2217    1.000   1.99e-02   3.5s
    5   3.2155   3.2155    1.000   1.99e-02   3.5s
    6   3.2087   3.2087    1.000   1.99e-02   3.6s
    7   3.2009   3.2009    1.000   1.98e-02   3.6s
    8   3.1915   3.1915    1.000   1.98e-02   3.5s
    9   3.1816   3.1816    1.000   1.98e-02   3.4s ***
   10   3.1683   3.1683    1.000   1.98e-02   3.4s ***
   11   3.1538   3.1538    1.000   1.98e-02   3.5s ***
   12   3.1362   3.1362    0.999   1.97e-02   3.4s ***
   13   3.1153   3.1153    0.995   1.97e-02   3.4s ***
   14   3.0924   3.0924    0.986   1.97e-02   3.5s ***
   15   3.0686   3.0686    0.970   1.97e-02   3.5s ***
   16   3.0431   3.0431    0.937   1.97e-02   3.4s ***
   17   3.0142   3.0142    0.905   1.96e-02   3.6s ***
   18   2.9809   2.9809    0.871   1.96e-02   3.4s ***
   19   2.9420   2.9420    0.833   1.96e-02   3.5s ***
   20   2.8923   2.8923    0.805   1.96e-02   3.5s ***
   21   2.8321   2.8321    0.774   1.95e-02   3.5s ***
   22   2.7841   2.7841    0.753   1.95e-02   3.5s ***
   23   2.7374   2.7374    0.735   1.95e-02   3.4s ***
   24   2.6978   2.6978    0.709   1.95e-02   3.6s ***
   25   2.6573   2.6573    0.698   1.95e-02   3.4s ***
   26   2.6245   2.6245    0.697   1.94e-02   3.4s ***
   27   2.5884   2.5884    0.684   1.94e-02   3.6s ***
   28   2.5576   2.5576    0.673   1.94e-02   3.4s ***
   29   2.5292   2.5292    0.667   1.94e-02   3.4s ***
   30   2.5025   2.5025    0.663   1.94e-02   3.5s ***
   31   2.4755   2.4755    0.660   1.93e-02   3.5s ***
   32   2.4488   2.4488    0.649   1.93e-02   3.5s ***
   33   2.4275   2.4275    0.641   1.93e-02   3.6s ***
   34   2.4009   2.4009    0.632   1.93e-02   3.7s ***
   35   2.3727   2.3727    0.619   1.92e-02   3.4s ***
   36   2.3508   2.3508    0.604   1.92e-02   3.5s ***
   37   2.3212   2.3212    0.573   1.92e-02   3.5s ***
   38   2.2951   2.2951    0.570   1.92e-02   3.4s ***
   39   2.2693   2.2693    0.567   1.92e-02   3.6s ***
   40   2.2417   2.2417    0.553   1.91e-02   3.5s ***
   41   2.2153   2.2153    0.545   1.91e-02   3.5s ***
   42   2.1994   2.1994    0.537   1.91e-02   3.6s ***
   43   2.1689   2.1689    0.532   1.91e-02   3.5s ***
   44   2.1572   2.1572    0.526   1.90e-02   3.4s ***
   45   2.1343   2.1343    0.526   1.90e-02   3.6s
   46   2.1225   2.1225    0.523   1.90e-02   3.5s ***
   47   2.1057   2.1057    0.516   1.90e-02   3.5s ***
   48   2.0952   2.0952    0.510   1.90e-02   3.5s ***
   49   2.0769   2.0769    0.505   1.89e-02   3.4s ***
   50   2.0617   2.0617    0.509   1.89e-02   3.5s
   51   2.0449   2.0449    0.506   1.89e-02   3.4s
   52   2.0396   2.0396    0.500   1.89e-02   3.5s ***
   53   2.0209   2.0209    0.497   1.89e-02   3.4s ***
   54   2.0109   2.0109    0.493   1.88e-02   3.5s ***
   55   1.9997   1.9997    0.495   1.88e-02   3.4s
   56   1.9923   1.9923    0.489   1.88e-02   3.5s ***
   57   1.9814   1.9814    0.490   1.88e-02   3.5s
   58   1.9612   1.9612    0.478   1.87e-02   3.5s ***
   59   1.9603   1.9603    0.476   1.87e-02   3.4s ***
   60   1.9447   1.9447    0.479   1.87e-02   3.5s
   61   1.9467   1.9467    0.478   1.87e-02   3.5s
   62   1.9332   1.9332    0.482   1.87e-02   3.5s
   63   1.9170   1.9170    0.473   1.86e-02   3.5s ***
   64   1.9099   1.9099    0.462   1.86e-02   3.4s ***
   65   1.9052   1.9052    0.468   1.86e-02   3.5s
   66   1.8967   1.8967    0.466   1.86e-02   3.5s
   67   1.8835   1.8835    0.461   1.86e-02   3.4s ***
   68   1.8731   1.8731    0.461   1.85e-02   3.4s ***
   69   1.8707   1.8707    0.455   1.85e-02   3.6s ***
   70   1.8612   1.8612    0.457   1.85e-02   3.5s
   71   1.8506   1.8506    0.456   1.85e-02   3.5s
   72   1.8473   1.8473    0.449   1.84e-02   3.5s ***
   73   1.8451   1.8451    0.453   1.84e-02   3.4s
   74   1.8341   1.8341    0.445   1.84e-02   3.5s ***
   75   1.8254   1.8254    0.444   1.84e-02   3.5s ***
   76   1.8190   1.8190    0.441   1.84e-02   3.5s ***
   77   1.8092   1.8092    0.445   1.83e-02   3.5s
   78   1.8143   1.8143    0.439   1.83e-02   3.4s ***
   79   1.8078   1.8078    0.441   1.83e-02   3.5s
   80   1.8010   1.8010    0.436   1.83e-02   3.5s ***
   81   1.8005   1.8005    0.436   1.83e-02   3.5s ***
   82   1.7897   1.7897    0.432   1.82e-02   3.4s ***
   83   1.7807   1.7807    0.431   1.82e-02   3.4s ***
   84   1.7740   1.7740    0.433   1.82e-02   3.4s
   85   1.7627   1.7627    0.428   1.82e-02   3.4s ***
   86   1.7633   1.7633    0.430   1.81e-02   3.4s
   87   1.7571   1.7571    0.426   1.81e-02   3.4s ***
   88   1.7442   1.7442    0.423   1.81e-02   3.5s ***
   89   1.7430   1.7430    0.423   1.81e-02   3.4s ***
   90   1.7373   1.7373    0.420   1.81e-02   3.4s ***
   91   1.7277   1.7277    0.414   1.80e-02   3.4s ***
   92   1.7290   1.7290    0.415   1.80e-02   3.5s
   93   1.7302   1.7302    0.415   1.80e-02   3.4s
   94   1.7159   1.7159    0.417   1.80e-02   3.4s
   95   1.7162   1.7162    0.411   1.79e-02   3.4s ***
   96   1.7119   1.7119    0.413   1.79e-02   3.5s
   97   1.7039   1.7039    0.409   1.79e-02   3.4s ***
   98   1.6950   1.6950    0.403   1.79e-02   3.5s ***
   99   1.6972   1.6972    0.409   1.79e-02   3.4s
  100   1.7111   1.7111    0.413   1.78e-02   3.4s
  101   1.6955   1.6955    0.405   1.78e-02   3.4s
  102   1.6881   1.6881    0.404   1.78e-02   3.5s
  103   1.6932   1.6932    0.401   1.78e-02   3.5s ***
  104   1.6802   1.6802    0.401   1.78e-02   3.5s
  105   1.6761   1.6761    0.396   1.77e-02   3.5s ***
  106   1.6793   1.6793    0.406   1.77e-02   3.5s
  107   1.6775   1.6775    0.401   1.77e-02   3.5s
  108   1.6552   1.6552    0.399   1.77e-02   3.4s
  109   1.6639   1.6639    0.401   1.76e-02   3.4s
  110   1.6576   1.6576    0.401   1.76e-02   3.4s
  111   1.6535   1.6535    0.393   1.76e-02   3.5s ***
  112   1.6451   1.6451    0.395   1.76e-02   3.5s
  113   1.6432   1.6432    0.392   1.76e-02  20.4s ***
  114   1.6452   1.6452    0.392   1.75e-02   3.5s ***
  115   1.6285   1.6285    0.389   1.75e-02   3.5s ***
  116   1.6375   1.6375    0.386   1.75e-02   3.5s ***
  117   1.6229   1.6229    0.391   1.75e-02   3.5s
  118   1.6261   1.6261    0.389   1.75e-02   3.5s
  119   1.6226   1.6226    0.388   1.74e-02   3.4s
  120   1.6149   1.6149    0.386   1.74e-02   3.5s ***
  121   1.6072   1.6072    0.385   1.74e-02   3.5s ***
  122   1.6043   1.6043    0.386   1.74e-02   3.5s
  123   1.5980   1.5980    0.381   1.73e-02   3.5s ***
  124   1.6057   1.6057    0.381   1.73e-02   3.5s
  125   1.5991   1.5991    0.376   1.73e-02   3.5s ***
  126   1.5993   1.5993    0.377   1.73e-02   3.5s
  127   1.5910   1.5910    0.385   1.73e-02   3.7s
  128   1.5874   1.5874    0.384   1.72e-02   3.6s
  129   1.5872   1.5872    0.376   1.72e-02   3.6s ***
  130   1.5780   1.5780    0.377   1.72e-02   3.6s
  131   1.5658   1.5658    0.374   1.72e-02   3.5s ***
  132   1.5711   1.5711    0.378   1.71e-02   3.5s
  133   1.5637   1.5637    0.377   1.71e-02   3.5s
  134   1.5623   1.5623    0.372   1.71e-02   3.5s ***
  135   1.5696   1.5696    0.373   1.71e-02   3.5s
  136   1.5746   1.5746    0.371   1.71e-02   3.5s ***
  137   1.5566   1.5566    0.367   1.70e-02   3.5s ***
  138   1.5607   1.5607    0.371   1.70e-02   3.5s
  139   1.5600   1.5600    0.369   1.70e-02   3.5s
  140   1.5472   1.5472    0.367   1.70e-02   3.6s ***
  141   1.5517   1.5517    0.367   1.70e-02   3.6s ***
  142   1.5460   1.5460    0.370   1.69e-02   3.5s
  143   1.5499   1.5499    0.365   1.69e-02   3.5s ***
  144   1.5425   1.5425    0.367   1.69e-02   3.4s
  145   1.5438   1.5438    0.369   1.69e-02   3.5s
  146   1.5304   1.5304    0.366   1.68e-02   3.4s
  147   1.5317   1.5317    0.361   1.68e-02   3.4s ***
  148   1.5315   1.5315    0.360   1.68e-02   3.6s ***
  149   1.5265   1.5265    0.359   1.68e-02   3.4s ***
  150   1.5202   1.5202    0.366   1.68e-02   3.5s
  151   1.5247   1.5247    0.363   1.67e-02   3.4s
  152   1.5129   1.5129    0.360   1.67e-02   3.4s
  153   1.5243   1.5243    0.358   1.67e-02   3.5s ***
  154   1.5100   1.5100    0.358   1.67e-02   3.4s ***
  155   1.5025   1.5025    0.356   1.67e-02   3.4s ***
  156   1.5044   1.5044    0.354   1.66e-02   3.4s ***
  157   1.5018   1.5018    0.354   1.66e-02   3.4s ***
  158   1.5045   1.5045    0.356   1.66e-02   3.4s
  159   1.5031   1.5031    0.354   1.66e-02   3.6s
  160   1.5016   1.5016    0.354   1.65e-02   3.4s
  161   1.4994   1.4994    0.353   1.65e-02   3.5s ***
  162   1.4951   1.4951    0.356   1.65e-02   3.4s
  163   1.4903   1.4903    0.354   1.65e-02   3.4s
  164   1.4832   1.4832    0.354   1.65e-02   3.4s
  165   1.4785   1.4785    0.352   1.64e-02   3.5s ***
  166   1.4855   1.4855    0.350   1.64e-02   3.5s ***
  167   1.4789   1.4789    0.346   1.64e-02   3.5s ***
  168   1.4741   1.4741    0.351   1.64e-02   3.5s
  169   1.4841   1.4841    0.349   1.63e-02   3.4s
  170   1.4785   1.4785    0.347   1.63e-02   3.5s
  171   1.4802   1.4802    0.347   1.63e-02   3.5s
  172   1.4812   1.4812    0.346   1.63e-02   3.4s ***
  173   1.4675   1.4675    0.347   1.63e-02   3.4s
  174   1.4741   1.4741    0.349   1.62e-02   3.5s
  175   1.4744   1.4744    0.344   1.62e-02   3.6s ***
  176   1.4643   1.4643    0.346   1.62e-02   3.5s
  177   1.4647   1.4647    0.341   1.62e-02   3.5s ***
  178   1.4637   1.4637    0.342   1.62e-02   3.5s
  179   1.4597   1.4597    0.344   1.61e-02   3.5s
  180   1.4585   1.4585    0.343   1.61e-02   3.5s
  181   1.4603   1.4603    0.343   1.61e-02   3.5s
  182   1.4585   1.4585    0.341   1.61e-02   3.5s
  183   1.4577   1.4577    0.342   1.60e-02   3.6s
  184   1.4738   1.4738    0.346   1.60e-02   3.5s
  185   1.4551   1.4551    0.341   1.60e-02   3.5s
  186   1.4476   1.4476    0.341   1.60e-02   3.5s
  187   1.4391   1.4391    0.337   1.60e-02   3.5s ***
  188   1.4525   1.4525    0.342   1.59e-02   3.5s
  189   1.4486   1.4486    0.339   1.59e-02   3.6s
  190   1.4379   1.4379    0.336   1.59e-02   3.4s ***
  191   1.4426   1.4426    0.336   1.59e-02   3.5s
  192   1.4291   1.4291    0.334   1.59e-02   3.4s ***
  193   1.4442   1.4442    0.337   1.58e-02   3.4s
  194   1.4310   1.4310    0.333   1.58e-02   3.4s ***
  195   1.4250   1.4250    0.333   1.58e-02   3.5s ***
  196   1.4243   1.4243    0.332   1.58e-02   3.5s ***
  197   1.4175   1.4175    0.331   1.57e-02   3.4s ***
  198   1.4145   1.4145    0.327   1.57e-02   3.4s ***
  199   1.4126   1.4126    0.330   1.57e-02   3.4s
  200   1.4051   1.4051    0.329   1.57e-02   3.4s
  201   1.4190   1.4190    0.328   1.57e-02   3.4s
  202   1.4073   1.4073    0.328   1.56e-02   3.5s
  203   1.4142   1.4142    0.329   1.56e-02   3.4s
  204   1.4027   1.4027    0.325   1.56e-02   3.5s ***
  205   1.4020   1.4020    0.327   1.56e-02   3.4s
  206   1.4019   1.4019    0.326   1.56e-02   3.4s
  207   1.4077   1.4077    0.328   1.55e-02   3.4s
  208   1.4167   1.4167    0.330   1.55e-02   3.4s
  209   1.4001   1.4001    0.330   1.55e-02   3.4s
  210   1.4122   1.4122    0.327   1.55e-02   3.5s
  211   1.3979   1.3979    0.331   1.54e-02   3.4s
  212   1.3932   1.3932    0.326   1.54e-02   3.5s
  213   1.3924   1.3924    0.330   1.54e-02   3.4s
  214   1.3935   1.3935    0.325   1.54e-02   3.4s ***
  215   1.3933   1.3933    0.324   1.54e-02   3.4s ***
  216   1.3832   1.3832    0.324   1.53e-02   3.4s ***
  217   1.3864   1.3864    0.324   1.53e-02   3.6s
  218   1.3778   1.3778    0.320   1.53e-02   3.4s ***
  219   1.3719   1.3719    0.322   1.53e-02   3.4s
  220   1.3802   1.3802    0.322   1.52e-02   3.5s
  221   1.3736   1.3736    0.320   1.52e-02   3.5s
  222   1.3775   1.3775    0.318   1.52e-02   3.4s ***
  223   1.3777   1.3777    0.321   1.52e-02   3.4s
  224   1.3704   1.3704    0.322   1.52e-02   3.6s
  225   1.3829   1.3829    0.322   1.51e-02   3.5s
  226   1.3607   1.3607    0.320   1.51e-02   3.4s
  227   1.3627   1.3627    0.322   1.51e-02   3.4s
  228   1.3581   1.3581    0.318   1.51e-02   3.4s
  229   1.3736   1.3736    0.321   1.51e-02   3.4s
  230   1.3625   1.3625    0.317   1.50e-02   3.4s ***
  231   1.3546   1.3546    0.317   1.50e-02   3.4s
  232   1.3566   1.3566    0.317   1.50e-02   3.5s ***
  233   1.3558   1.3558    0.320   1.50e-02   3.6s
  234   1.3557   1.3557    0.315   1.49e-02   3.5s ***
  235   1.3460   1.3460    0.317   1.49e-02   3.4s
  236   1.3454   1.3454    0.315   1.49e-02   3.4s
  237   1.3452   1.3452    0.313   1.49e-02   3.4s ***
  238   1.3557   1.3557    0.315   1.49e-02   3.5s
  239   1.3545   1.3545    0.317   1.48e-02   3.5s
  240   1.3442   1.3442    0.312   1.48e-02   3.6s ***
  241   1.3397   1.3397    0.308   1.48e-02   3.5s ***
  242   1.3328   1.3328    0.311   1.48e-02   3.4s
  243   1.3451   1.3451    0.311   1.48e-02   3.5s
  244   1.3354   1.3354    0.312   1.47e-02   3.5s
  245   1.3322   1.3322    0.315   1.47e-02   3.5s
  246   1.3409   1.3409    0.313   1.47e-02   3.4s
  247   1.3390   1.3390    0.310   1.47e-02   3.4s
  248   1.3408   1.3408    0.313   1.46e-02   3.5s
  249   1.3444   1.3444    0.310   1.46e-02   3.4s
  250   1.3319   1.3319    0.311   1.46e-02   3.5s
  251   1.3319   1.3319    0.314   1.46e-02   3.5s
  252   1.3309   1.3309    0.307   1.46e-02   3.5s ***
  253   1.3238   1.3238    0.308   1.45e-02   3.5s
  254   1.3151   1.3151    0.309   1.45e-02   3.4s
  255   1.3166   1.3166    0.305   1.45e-02   3.6s ***
  256   1.3183   1.3183    0.302   1.45e-02   3.6s ***
  257   1.3207   1.3207    0.305   1.44e-02   3.6s
  258   1.3230   1.3230    0.311   1.44e-02   3.6s
  259   1.3334   1.3334    0.309   1.44e-02   3.5s
  260   1.3251   1.3251    0.309   1.44e-02   3.5s
  261   1.3142   1.3142    0.308   1.44e-02   3.4s
  262   1.3147   1.3147    0.307   1.43e-02   3.4s
  263   1.3049   1.3049    0.305   1.43e-02   3.6s
  264   1.2964   1.2964    0.302   1.43e-02   3.4s ***
  265   1.3023   1.3023    0.302   1.43e-02   3.4s
  266   1.3061   1.3061    0.301   1.43e-02   3.4s ***
  267   1.2898   1.2898    0.303   1.42e-02   3.4s
  268   1.2966   1.2966    0.303   1.42e-02   3.4s
  269   1.3078   1.3078    0.304   1.42e-02   3.5s
  270   1.2985   1.2985    0.302   1.42e-02   3.4s
  271   1.2954   1.2954    0.302   1.41e-02   3.6s
  272   1.3097   1.3097    0.304   1.41e-02   3.4s
  273   1.2999   1.2999    0.304   1.41e-02   3.4s
  274   1.3008   1.3008    0.302   1.41e-02   3.4s
  275   1.3004   1.3004    0.302   1.41e-02   3.4s
  276   1.2968   1.2968    0.304   1.40e-02   3.5s
  277   1.2981   1.2981    0.302   1.40e-02   3.5s
  278   1.2980   1.2980    0.300   1.40e-02   3.4s ***
  279   1.3051   1.3051    0.310   1.40e-02   3.5s
  280   1.3186   1.3186    0.302   1.40e-02   3.4s
  281   1.2897   1.2897    0.302   1.39e-02   3.4s
  282   1.2881   1.2881    0.300   1.39e-02   3.4s ***
  283   1.2772   1.2772    0.301   1.39e-02   3.4s
  284   1.2885   1.2885    0.301   1.39e-02   3.4s
  285   1.2819   1.2819    0.301   1.38e-02   3.4s
  286   1.2796   1.2796    0.298   1.38e-02   3.6s ***
  287   1.2766   1.2766    0.298   1.38e-02   3.5s ***
  288   1.2751   1.2751    0.299   1.38e-02   3.4s
  289   1.2789   1.2789    0.294   1.38e-02   3.4s ***
  290   1.2748   1.2748    0.296   1.37e-02   3.5s
  291   1.2699   1.2699    0.298   1.37e-02   3.5s
  292   1.2641   1.2641    0.297   1.37e-02   3.5s
  293   1.2603   1.2603    0.294   1.37e-02   3.4s ***
  294   1.2656   1.2656    0.296   1.36e-02   3.4s
  295   1.2731   1.2731    0.298   1.36e-02   3.5s
  296   1.2644   1.2644    0.295   1.36e-02   3.5s
  297   1.2632   1.2632    0.300   1.36e-02   3.5s
  298   1.2679   1.2679    0.299   1.36e-02   3.5s
  299   1.2615   1.2615    0.296   1.35e-02   3.4s
  300   1.2579   1.2579    0.292   1.35e-02   3.4s ***
  301   1.2587   1.2587    0.298   1.35e-02   3.5s
  302   1.2590   1.2590    0.294   1.35e-02   3.3s
  303   1.2590   1.2590    0.295   1.35e-02   3.4s
  304   1.2604   1.2604    0.294   1.34e-02   3.4s
  305   1.2556   1.2556    0.297   1.34e-02   3.5s
  306   1.2587   1.2587    0.294   1.34e-02   3.5s
  307   1.2504   1.2504    0.295   1.34e-02   3.4s
  308   1.2443   1.2443    0.297   1.33e-02   3.3s
  309   1.2553   1.2553    0.291   1.33e-02   3.4s ***
  310   1.2431   1.2431    0.292   1.33e-02   3.4s
  311   1.2524   1.2524    0.295   1.33e-02   3.5s
  312   1.2505   1.2505    0.292   1.33e-02   3.4s
  313   1.2492   1.2492    0.294   1.32e-02   3.4s
  314   1.2429   1.2429    0.291   1.32e-02   3.4s
  315   1.2373   1.2373    0.292   1.32e-02   3.4s
  316   1.2310   1.2310    0.294   1.32e-02   3.5s
  317   1.2319   1.2319    0.292   1.32e-02   3.4s
  318   1.2319   1.2319    0.290   1.31e-02   3.5s ***
  319   1.2344   1.2344    0.292   1.31e-02   3.5s
  320   1.2315   1.2315    0.294   1.31e-02   3.5s
  321   1.2361   1.2361    0.290   1.31e-02   3.6s
  322   1.2331   1.2331    0.288   1.30e-02   3.5s ***
  323   1.2423   1.2423    0.290   1.30e-02   3.7s
  324   1.2357   1.2357    0.289   1.30e-02   3.5s
  325   1.2266   1.2266    0.290   1.30e-02   3.5s
  326   1.2371   1.2371    0.291   1.30e-02   3.4s
  327   1.2232   1.2232    0.293   1.29e-02   3.5s
  328   1.2346   1.2346    0.286   1.29e-02   3.4s ***
  329   1.2207   1.2207    0.291   1.29e-02   3.4s
  330   1.2277   1.2277    0.295   1.29e-02   3.4s
  331   1.2294   1.2294    0.287   1.29e-02   3.5s
  332   1.2120   1.2120    0.286   1.28e-02   3.4s ***
  333   1.2110   1.2110    0.285   1.28e-02   3.7s ***
  334   1.2162   1.2162    0.288   1.28e-02   3.5s
  335   1.2145   1.2145    0.288   1.28e-02   3.5s
  336   1.2122   1.2122    0.285   1.27e-02   3.4s
  337   1.2082   1.2082    0.283   1.27e-02   3.5s ***
  338   1.2087   1.2087    0.284   1.27e-02   3.5s
  339   1.2049   1.2049    0.285   1.27e-02   3.4s
  340   1.2074   1.2074    0.285   1.27e-02   3.4s
  341   1.2118   1.2118    0.286   1.26e-02   3.4s
  342   1.2126   1.2126    0.284   1.26e-02   3.4s
  343   1.2149   1.2149    0.286   1.26e-02   3.4s
  344   1.1994   1.1994    0.282   1.26e-02   3.5s ***
  345   1.2011   1.2011    0.283   1.25e-02   3.4s
  346   1.1973   1.1973    0.282   1.25e-02   3.5s ***
  347   1.1906   1.1906    0.285   1.25e-02   3.4s
  348   1.1902   1.1902    0.286   1.25e-02   3.5s
  349   1.2013   1.2013    0.285   1.25e-02   3.6s
  350   1.1882   1.1882    0.281   1.24e-02   3.5s ***
  351   1.1926   1.1926    0.283   1.24e-02   3.5s
  352   1.1898   1.1898    0.284   1.24e-02   3.4s
  353   1.1852   1.1852    0.281   1.24e-02   3.4s
  354   1.1971   1.1971    0.285   1.24e-02   3.4s
  355   1.2063   1.2063    0.285   1.23e-02   3.4s
  356   1.1898   1.1898    0.284   1.23e-02   3.5s
  357   1.1830   1.1830    0.281   1.23e-02   3.4s ***
  358   1.1827   1.1827    0.284   1.23e-02   3.5s
  359   1.1838   1.1838    0.282   1.22e-02   3.5s
  360   1.1911   1.1911    0.284   1.22e-02   3.5s
  361   1.1732   1.1732    0.281   1.22e-02   3.5s ***
  362   1.1867   1.1867    0.280   1.22e-02   3.5s ***
  363   1.1777   1.1777    0.280   1.22e-02   3.4s
  364   1.1794   1.1794    0.281   1.21e-02   3.4s
  365   1.1797   1.1797    0.282   1.21e-02   3.6s
  366   1.1713   1.1713    0.280   1.21e-02   3.6s
  367   1.1758   1.1758    0.278   1.21e-02   3.4s ***
  368   1.1744   1.1744    0.279   1.21e-02   3.5s
  369   1.1754   1.1754    0.279   1.20e-02   3.5s
  370   1.1781   1.1781    0.278   1.20e-02   3.5s
  371   1.1714   1.1714    0.280   1.20e-02   3.5s
  372   1.1735   1.1735    0.279   1.20e-02   3.4s
  373   1.1714   1.1714    0.276   1.19e-02   3.5s ***
  374   1.1682   1.1682    0.279   1.19e-02   3.5s
  375   1.1634   1.1634    0.280   1.19e-02   3.5s
  376   1.1676   1.1676    0.279   1.19e-02   3.5s
  377   1.1671   1.1671    0.280   1.19e-02   3.5s
  378   1.1791   1.1791    0.280   1.18e-02   3.5s
  379   1.1666   1.1666    0.277   1.18e-02   3.5s
  380   1.1637   1.1637    0.277   1.18e-02   3.5s
  381   1.1645   1.1645    0.281   1.18e-02   3.6s
  382   1.1638   1.1638    0.279   1.17e-02   3.5s
  383   1.1539   1.1539    0.276   1.17e-02   3.5s ***
  384   1.1641   1.1641    0.277   1.17e-02   3.4s
  385   1.1552   1.1552    0.280   1.17e-02   3.5s
  386   1.1471   1.1471    0.278   1.17e-02   3.5s
  387   1.1552   1.1552    0.277   1.16e-02   3.5s
  388   1.1618   1.1618    0.277   1.16e-02   3.6s
  389   1.1643   1.1643    0.278   1.16e-02   3.6s
  390   1.1685   1.1685    0.277   1.16e-02   3.5s
  391   1.1691   1.1691    0.280   1.16e-02   3.6s
  392   1.1519   1.1519    0.277   1.15e-02   3.5s
  393   1.1613   1.1613    0.276   1.15e-02   3.6s ***
  394   1.1499   1.1499    0.276   1.15e-02   3.6s ***
  395   1.1546   1.1546    0.276   1.15e-02   3.6s
  396   1.1479   1.1479    0.276   1.14e-02   3.6s ***
  397   1.1456   1.1456    0.275   1.14e-02   3.5s ***
  398   1.1459   1.1459    0.275   1.14e-02   3.5s
  399   1.1325   1.1325    0.273   1.14e-02   3.6s ***
  400   1.1500   1.1500    0.277   1.14e-02   3.5s
  401   1.1437   1.1437    0.277   1.13e-02   3.5s
  402   1.1425   1.1425    0.276   1.13e-02   3.5s
  403   1.1426   1.1426    0.273   1.13e-02   3.5s
  404   1.1401   1.1401    0.272   1.13e-02   3.5s ***
  405   1.1432   1.1432    0.275   1.13e-02   3.5s
  406   1.1397   1.1397    0.277   1.12e-02   3.4s
  407   1.1392   1.1392    0.275   1.12e-02   3.5s
  408   1.1496   1.1496    0.273   1.12e-02   3.5s
  409   1.1379   1.1379    0.276   1.12e-02   3.4s
  410   1.1371   1.1371    0.274   1.11e-02   3.5s
  411   1.1384   1.1384    0.273   1.11e-02   3.5s
  412   1.1295   1.1295    0.273   1.11e-02   3.5s
  413   1.1239   1.1239    0.271   1.11e-02   3.5s ***
  414   1.1252   1.1252    0.272   1.11e-02   3.5s
  415   1.1260   1.1260    0.273   1.10e-02   3.4s
  416   1.1193   1.1193    0.271   1.10e-02   3.4s ***
  417   1.1359   1.1359    0.275   1.10e-02   3.4s
  418   1.1230   1.1230    0.273   1.10e-02   3.5s
  419   1.1177   1.1177    0.275   1.09e-02   3.4s
  420   1.1219   1.1219    0.273   1.09e-02   3.4s
  421   1.1216   1.1216    0.273   1.09e-02   3.4s
  422   1.1233   1.1233    0.272   1.09e-02   3.4s
  423   1.1239   1.1239    0.271   1.09e-02   3.4s
  424   1.1239   1.1239    0.271   1.08e-02   3.4s
  425   1.1192   1.1192    0.270   1.08e-02   3.5s ***
  426   1.1087   1.1087    0.269   1.08e-02   3.5s ***
  427   1.1086   1.1086    0.270   1.08e-02   3.4s
  428   1.1078   1.1078    0.272   1.08e-02   3.5s
  429   1.1196   1.1196    0.272   1.07e-02   3.5s
  430   1.1058   1.1058    0.270   1.07e-02   3.5s
  431   1.1168   1.1168    0.270   1.07e-02   3.5s
  432   1.1133   1.1133    0.269   1.07e-02   3.4s ***
  433   1.1148   1.1148    0.271   1.06e-02   3.6s
  434   1.1112   1.1112    0.268   1.06e-02   3.6s ***
  435   1.1031   1.1031    0.267   1.06e-02   3.5s ***
  436   1.1026   1.1026    0.271   1.06e-02   3.4s
  437   1.1133   1.1133    0.268   1.06e-02   3.4s
  438   1.1061   1.1061    0.271   1.05e-02   3.6s
  439   1.1121   1.1121    0.270   1.05e-02   3.5s
  440   1.1073   1.1073    0.271   1.05e-02   3.6s
  441   1.0967   1.0967    0.268   1.05e-02   3.7s
  442   1.1057   1.1057    0.269   1.05e-02   3.7s
  443   1.1000   1.1000    0.267   1.04e-02   3.7s
  444   1.0945   1.0945    0.267   1.04e-02   3.7s
  445   1.0967   1.0967    0.269   1.04e-02   3.6s
  446   1.1010   1.1010    0.265   1.04e-02   3.8s ***
  447   1.0888   1.0888    0.266   1.03e-02   3.6s
  448   1.1117   1.1117    0.270   1.03e-02   3.7s
  449   1.0952   1.0952    0.269   1.03e-02   3.8s
  450   1.0960   1.0960    0.270   1.03e-02   3.7s
  451   1.0966   1.0966    0.269   1.03e-02   3.6s
  452   1.0881   1.0881    0.269   1.02e-02   3.9s
  453   1.0864   1.0864    0.264   1.02e-02   3.7s ***
  454   1.0891   1.0891    0.266   1.02e-02   3.6s
  455   1.0866   1.0866    0.265   1.02e-02   3.5s
  456   1.0845   1.0845    0.265   1.02e-02   3.6s
  457   1.0760   1.0760    0.266   1.01e-02   3.7s
  458   1.0867   1.0867    0.265   1.01e-02   3.6s
  459   1.0822   1.0822    0.265   1.01e-02   3.6s
  460   1.0781   1.0781    0.267   1.01e-02   3.8s
  461   1.0840   1.0840    0.267   1.00e-02   3.7s
  462   1.0794   1.0794    0.266   1.00e-02   3.7s
  463   1.0881   1.0881    0.271   1.00e-02   3.7s
  464   1.0970   1.0970    0.267   9.98e-03   3.8s
  465   1.0758   1.0758    0.267   9.96e-03   3.6s
  466   1.0732   1.0732    0.266   9.93e-03   4.1s
  467   1.0759   1.0759    0.265   9.91e-03   3.9s
  468   1.0666   1.0666    0.266   9.89e-03   3.8s
  469   1.0741   1.0741    0.268   9.87e-03   3.8s
  470   1.0756   1.0756    0.264   9.85e-03   3.7s
  471   1.0778   1.0778    0.266   9.83e-03   3.9s
  472   1.0756   1.0756    0.268   9.80e-03   3.7s
  473   1.0766   1.0766    0.267   9.78e-03   3.7s
  474   1.0739   1.0739    0.265   9.76e-03   3.8s
  475   1.0664   1.0664    0.263   9.74e-03   3.7s ***
  476   1.0671   1.0671    0.264   9.72e-03   3.7s
  477   1.0744   1.0744    0.267   9.70e-03   3.8s
  478   1.0795   1.0795    0.262   9.68e-03   3.6s ***
  479   1.0623   1.0623    0.262   9.65e-03   3.8s
  480   1.0588   1.0588    0.265   9.63e-03   3.8s
  481   1.0640   1.0640    0.266   9.61e-03   3.6s
  482   1.0597   1.0597    0.265   9.59e-03   3.8s
  483   1.0600   1.0600    0.264   9.57e-03   3.7s
  484   1.0668   1.0668    0.264   9.55e-03   3.9s
  485   1.0566   1.0566    0.264   9.52e-03   3.7s
  486   1.0593   1.0593    0.265   9.50e-03   3.7s
  487   1.0606   1.0606    0.263   9.48e-03   3.8s
  488   1.0637   1.0637    0.265   9.46e-03   3.7s
  489   1.0684   1.0684    0.270   9.44e-03   3.7s
  490   1.0682   1.0682    0.265   9.42e-03   3.7s
  491   1.0734   1.0734    0.268   9.39e-03   3.8s
  492   1.0610   1.0610    0.266   9.37e-03   3.7s
  493   1.0624   1.0624    0.266   9.35e-03   3.8s
  494   1.0515   1.0515    0.261   9.33e-03   3.7s ***
  495   1.0559   1.0559    0.264   9.31e-03   3.9s
  496   1.0526   1.0526    0.263   9.29e-03   3.7s
  497   1.0512   1.0512    0.265   9.26e-03   3.8s
  498   1.0432   1.0432    0.265   9.24e-03   4.0s
  499   1.0407   1.0407    0.263   9.22e-03   3.9s
  500   1.0533   1.0533    0.266   9.20e-03   3.6s
  501   1.0473   1.0473    0.265   9.18e-03   3.7s
  502   1.0521   1.0521    0.262   9.16e-03   3.6s
  503   1.0476   1.0476    0.264   9.14e-03   3.6s
  504   1.0365   1.0365    0.264   9.11e-03   3.5s
  505   1.0405   1.0405    0.264   9.09e-03   3.5s
  506   1.0378   1.0378    0.262   9.07e-03   3.7s
  507   1.0419   1.0419    0.261   9.05e-03   3.6s ***
  508   1.0408   1.0408    0.263   9.03e-03   3.5s
  509   1.0443   1.0443    0.262   9.01e-03   3.5s
  510   1.0348   1.0348    0.262   8.98e-03   3.5s
  511   1.0286   1.0286    0.262   8.96e-03   3.5s
  512   1.0382   1.0382    0.261   8.94e-03   3.4s
  513   1.0331   1.0331    0.264   8.92e-03   3.4s
  514   1.0343   1.0343    0.262   8.90e-03   3.4s
  515   1.0381   1.0381    0.262   8.88e-03   3.6s
  516   1.0336   1.0336    0.262   8.85e-03   3.5s
  517   1.0242   1.0242    0.262   8.83e-03   3.5s
  518   1.0281   1.0281    0.261   8.81e-03   3.6s
  519   1.0225   1.0225    0.262   8.79e-03   3.6s
  520   1.0225   1.0225    0.262   8.77e-03   3.6s
  521   1.0313   1.0313    0.262   8.75e-03   3.8s
  522   1.0306   1.0306    0.263   8.72e-03   3.6s
  523   1.0306   1.0306    0.261   8.70e-03   3.7s
  524   1.0394   1.0394    0.261   8.68e-03   3.6s
  525   1.0290   1.0290    0.262   8.66e-03   3.7s
  526   1.0250   1.0250    0.263   8.64e-03   3.7s
  527   1.0231   1.0231    0.261   8.62e-03   3.8s ***
  528   1.0150   1.0150    0.262   8.60e-03   3.7s
  529   1.0228   1.0228    0.261   8.57e-03   3.6s
  530   1.0174   1.0174    0.260   8.55e-03   3.6s ***
  531   1.0180   1.0180    0.257   8.53e-03   3.8s ***
  532   1.0225   1.0225    0.261   8.51e-03   3.7s
  533   1.0168   1.0168    0.258   8.49e-03   3.6s
  534   1.0177   1.0177    0.259   8.47e-03   3.6s
  535   1.0188   1.0188    0.258   8.44e-03   3.7s
  536   1.0210   1.0210    0.257   8.42e-03   3.5s
  537   1.0101   1.0101    0.260   8.40e-03   3.7s
  538   1.0120   1.0120    0.258   8.38e-03   3.5s
  539   1.0147   1.0147    0.258   8.36e-03   3.8s
  540   1.0151   1.0151    0.258   8.34e-03   3.6s
  541   1.0087   1.0087    0.259   8.31e-03   3.5s
  542   1.0185   1.0185    0.259   8.29e-03   3.7s
  543   1.0277   1.0277    0.260   8.27e-03   3.9s
  544   1.0162   1.0162    0.260   8.25e-03   3.5s
  545   1.0123   1.0123    0.258   8.23e-03   3.7s
  546   1.0054   1.0054    0.260   8.21e-03   3.5s
  547   1.0106   1.0106    0.259   8.18e-03   3.7s
  548   1.0100   1.0100    0.258   8.16e-03   3.5s
  549   1.0056   1.0056    0.258   8.14e-03   3.7s
  550   1.0010   1.0010    0.258   8.12e-03   3.6s
  551   1.0028   1.0028    0.261   8.10e-03   3.6s
  552   1.0073   1.0073    0.260   8.08e-03   3.7s
  553   1.0016   1.0016    0.259   8.06e-03   3.5s
  554   1.0069   1.0069    0.257   8.03e-03   3.6s
  555   1.0027   1.0027    0.258   8.01e-03   3.6s
  556   1.0029   1.0029    0.259   7.99e-03   3.6s
  557   0.9941   0.9941    0.259   7.97e-03   3.7s
  558   0.9988   0.9988    0.259   7.95e-03   3.6s
  559   0.9955   0.9955    0.257   7.93e-03   3.7s
  560   0.9989   0.9989    0.258   7.90e-03   3.7s
  561   1.0042   1.0042    0.257   7.88e-03   3.8s ***
  562   0.9949   0.9949    0.259   7.86e-03   3.6s
  563   0.9955   0.9955    0.257   7.84e-03   3.8s
  564   0.9967   0.9967    0.260   7.82e-03   3.7s
  565   0.9906   0.9906    0.256   7.80e-03   3.7s ***
  566   0.9937   0.9937    0.257   7.77e-03   3.5s
  567   0.9841   0.9841    0.255   7.75e-03   3.8s ***
  568   0.9872   0.9872    0.254   7.73e-03   3.6s ***
  569   0.9854   0.9854    0.256   7.71e-03   3.7s
  570   0.9895   0.9895    0.256   7.69e-03   3.5s
  571   0.9909   0.9909    0.256   7.67e-03   3.5s
  572   0.9922   0.9922    0.258   7.64e-03   3.5s
  573   0.9920   0.9920    0.256   7.62e-03   3.6s
  574   0.9938   0.9938    0.259   7.60e-03   3.5s
  575   0.9896   0.9896    0.256   7.58e-03   3.7s
  576   0.9869   0.9869    0.257   7.56e-03   3.7s
  577   0.9805   0.9805    0.254   7.54e-03   3.6s
  578   0.9761   0.9761    0.256   7.52e-03   3.6s
  579   0.9797   0.9797    0.255   7.49e-03   3.5s
  580   0.9819   0.9819    0.255   7.47e-03   3.5s
  581   0.9912   0.9912    0.256   7.45e-03   3.7s
  582   0.9798   0.9798    0.255   7.43e-03   3.5s
  583   0.9794   0.9794    0.256   7.41e-03   3.6s
  584   0.9836   0.9836    0.253   7.39e-03   3.5s ***
  585   0.9929   0.9929    0.256   7.36e-03   3.5s
  586   0.9864   0.9864    0.255   7.34e-03   3.6s
  587   0.9838   0.9838    0.255   7.32e-03   3.6s
  588   0.9788   0.9788    0.253   7.30e-03   3.6s ***
  589   0.9843   0.9843    0.252   7.28e-03   3.5s ***
  590   0.9759   0.9759    0.255   7.26e-03   3.6s
  591   0.9792   0.9792    0.253   7.23e-03   3.7s
  592   0.9766   0.9766    0.254   7.21e-03   3.8s
  593   0.9671   0.9671    0.255   7.19e-03   3.7s
  594   0.9702   0.9702    0.252   7.17e-03   3.7s ***
  595   0.9740   0.9740    0.255   7.15e-03   3.5s
  596   0.9775   0.9775    0.255   7.13e-03   3.6s
  597   0.9718   0.9718    0.254   7.10e-03   3.7s
  598   0.9665   0.9665    0.255   7.08e-03   3.7s
  599   0.9624   0.9624    0.257   7.06e-03   3.6s
  600   0.9722   0.9722    0.255   7.04e-03   3.6s
  601   0.9633   0.9633    0.252   7.02e-03   3.7s
  602   0.9632   0.9632    0.255   7.00e-03   3.6s
  603   0.9654   0.9654    0.254   6.98e-03   3.7s
  604   0.9591   0.9591    0.255   6.95e-03   3.8s
  605   0.9697   0.9697    0.257   6.93e-03   3.7s
  606   0.9715   0.9715    0.253   6.91e-03   3.9s
  607   0.9656   0.9656    0.256   6.89e-03   3.7s
  608   0.9610   0.9610    0.253   6.87e-03   3.7s
  609   0.9629   0.9629    0.253   6.85e-03   3.6s
  610   0.9596   0.9596    0.253   6.82e-03   3.6s
  611   0.9576   0.9576    0.252   6.80e-03   3.6s
  612   0.9549   0.9549    0.253   6.78e-03   3.6s
  613   0.9562   0.9562    0.254   6.76e-03   3.9s
  614   0.9553   0.9553    0.251   6.74e-03   3.7s ***
  615   0.9496   0.9496    0.252   6.72e-03   3.7s
  616   0.9598   0.9598    0.254   6.69e-03   3.7s
  617   0.9495   0.9495    0.254   6.67e-03   3.9s
  618   0.9563   0.9563    0.251   6.65e-03   3.9s
  619   0.9608   0.9608    0.255   6.63e-03   3.7s
  620   0.9530   0.9530    0.252   6.61e-03   3.8s
  621   0.9551   0.9551    0.252   6.59e-03   3.7s
  622   0.9477   0.9477    0.255   6.56e-03   3.8s
  623   0.9524   0.9524    0.253   6.54e-03   3.8s
  624   0.9606   0.9606    0.252   6.52e-03   3.8s
  625   0.9537   0.9537    0.252   6.50e-03   3.7s
  626   0.9479   0.9479    0.250   6.48e-03   3.9s ***
  627   0.9502   0.9502    0.252   6.46e-03   3.7s
  628   0.9516   0.9516    0.251   6.44e-03   3.8s
  629   0.9511   0.9511    0.252   6.41e-03   3.8s
  630   0.9525   0.9525    0.250   6.39e-03   3.9s ***
  631   0.9536   0.9536    0.251   6.37e-03   3.7s
  632   0.9454   0.9454    0.248   6.35e-03   3.9s ***
  633   0.9572   0.9572    0.251   6.33e-03   3.7s
  634   0.9452   0.9452    0.251   6.31e-03   4.0s
  635   0.9493   0.9493    0.248   6.28e-03   3.8s
  636   0.9468   0.9468    0.249   6.26e-03   4.0s
  637   0.9390   0.9390    0.250   6.24e-03   3.8s
  638   0.9445   0.9445    0.249   6.22e-03   3.9s
  639   0.9419   0.9419    0.249   6.20e-03   3.7s
  640   0.9470   0.9470    0.249   6.18e-03   3.7s
  641   0.9420   0.9420    0.249   6.15e-03   3.9s
  642   0.9390   0.9390    0.250   6.13e-03   3.8s
  643   0.9464   0.9464    0.251   6.11e-03   3.8s
  644   0.9455   0.9455    0.251   6.09e-03   3.7s
  645   0.9351   0.9351    0.251   6.07e-03   3.9s
  646   0.9379   0.9379    0.249   6.05e-03   3.7s
  647   0.9321   0.9321    0.251   6.02e-03   3.7s
  648   0.9366   0.9366    0.249   6.00e-03   3.7s
  649   0.9360   0.9360    0.249   5.98e-03   3.8s
  650   0.9298   0.9298    0.248   5.96e-03   3.6s
  651   0.9403   0.9403    0.248   5.94e-03   3.7s ***
  652   0.9256   0.9256    0.248   5.92e-03   3.8s
  653   0.9371   0.9371    0.250   5.90e-03   3.8s
  654   0.9314   0.9314    0.250   5.87e-03   3.7s
  655   0.9304   0.9304    0.249   5.85e-03   3.8s
  656   0.9325   0.9325    0.247   5.83e-03   3.7s ***
  657   0.9304   0.9304    0.249   5.81e-03   3.8s
  658   0.9294   0.9294    0.248   5.79e-03   3.7s
  659   0.9328   0.9328    0.248   5.77e-03   3.9s
  660   0.9280   0.9280    0.247   5.74e-03   3.7s
  661   0.9282   0.9282    0.248   5.72e-03   3.6s
  662   0.9205   0.9205    0.250   5.70e-03   3.9s
  663   0.9269   0.9269    0.249   5.68e-03   3.7s
  664   0.9226   0.9226    0.249   5.66e-03   3.6s
  665   0.9226   0.9226    0.249   5.64e-03   3.7s
  666   0.9227   0.9227    0.248   5.61e-03   3.6s
  667   0.9233   0.9233    0.249   5.59e-03   3.7s
  668   0.9234   0.9234    0.247   5.57e-03   3.6s ***
  669   0.9210   0.9210    0.248   5.55e-03   3.5s
  670   0.9206   0.9206    0.246   5.53e-03   3.6s ***
  671   0.9234   0.9234    0.247   5.51e-03   3.6s
  672   0.9223   0.9223    0.249   5.48e-03   3.5s
  673   0.9242   0.9242    0.249   5.46e-03   3.5s
  674   0.9245   0.9245    0.248   5.44e-03   3.6s
  675   0.9228   0.9228    0.249   5.42e-03   3.5s
  676   0.9219   0.9219    0.249   5.40e-03   3.5s
  677   0.9133   0.9133    0.251   5.38e-03   3.5s
  678   0.9143   0.9143    0.249   5.36e-03   3.6s
  679   0.9274   0.9274    0.248   5.33e-03   3.5s
  680   0.9221   0.9221    0.247   5.31e-03   3.7s
  681   0.9206   0.9206    0.248   5.29e-03   3.6s
  682   0.9172   0.9172    0.249   5.27e-03   3.6s
  683   0.9136   0.9136    0.249   5.25e-03   3.5s
  684   0.9123   0.9123    0.249   5.23e-03   3.5s
  685   0.9173   0.9173    0.247   5.20e-03   3.4s
  686   0.9225   0.9225    0.249   5.18e-03   3.5s
  687   0.9102   0.9102    0.247   5.16e-03   3.8s
  688   0.9150   0.9150    0.248   5.14e-03   3.7s
  689   0.9211   0.9211    0.249   5.12e-03   3.7s
  690   0.9054   0.9054    0.248   5.10e-03   3.5s
  691   0.9064   0.9064    0.248   5.07e-03   3.4s
  692   0.9115   0.9115    0.247   5.05e-03   3.5s
  693   0.9100   0.9100    0.247   5.03e-03   3.4s
  694   0.9017   0.9017    0.249   5.01e-03   3.4s
  695   0.9061   0.9061    0.248   4.99e-03   3.4s
  696   0.9151   0.9151    0.249   4.97e-03   3.5s
  697   0.9028   0.9028    0.245   4.94e-03   3.7s ***
  698   0.9078   0.9078    0.249   4.92e-03   3.7s
  699   0.9119   0.9119    0.247   4.90e-03   3.7s
  700   0.9077   0.9077    0.248   4.88e-03   3.7s
  701   0.9082   0.9082    0.246   4.86e-03   3.7s
  702   0.8980   0.8980    0.248   4.84e-03   3.9s
  703   0.9088   0.9088    0.248   4.82e-03   3.8s
  704   0.9076   0.9076    0.248   4.79e-03   3.6s
  705   0.9061   0.9061    0.249   4.77e-03   3.7s
  706   0.8956   0.8956    0.248   4.75e-03   4.0s
  707   0.8982   0.8982    0.248   4.73e-03   3.8s
  708   0.9104   0.9104    0.248   4.71e-03   3.6s
  709   0.9031   0.9031    0.248   4.69e-03   3.7s
  710   0.9058   0.9058    0.248   4.66e-03   3.9s
  711   0.9026   0.9026    0.249   4.64e-03   3.9s
  712   0.9038   0.9038    0.246   4.62e-03   3.8s
  713   0.8952   0.8952    0.247   4.60e-03   3.8s
  714   0.8966   0.8966    0.245   4.58e-03   3.9s ***
  715   0.8963   0.8963    0.246   4.56e-03   3.8s
  716   0.8987   0.8987    0.245   4.53e-03   3.6s ***
  717   0.8921   0.8921    0.248   4.51e-03   3.8s
  718   0.8890   0.8890    0.248   4.49e-03   3.7s
  719   0.8971   0.8971    0.245   4.47e-03   3.7s
  720   0.9015   0.9015    0.245   4.45e-03   3.8s
  721   0.8895   0.8895    0.246   4.43e-03   3.9s
  722   0.8981   0.8981    0.246   4.40e-03   3.9s
  723   0.8880   0.8880    0.246   4.38e-03   3.8s
  724   0.8890   0.8890    0.246   4.36e-03   3.9s
  725   0.8913   0.8913    0.245   4.34e-03   4.0s ***
  726   0.8835   0.8835    0.243   4.32e-03   3.8s ***
  727   0.8874   0.8874    0.244   4.30e-03   3.8s
  728   0.8891   0.8891    0.243   4.28e-03   3.9s ***
  729   0.8865   0.8865    0.246   4.25e-03   3.8s
  730   0.8856   0.8856    0.246   4.23e-03   3.8s
  731   0.8888   0.8888    0.244   4.21e-03   3.9s
  732   0.8846   0.8846    0.246   4.19e-03   3.9s
  733   0.8879   0.8879    0.245   4.17e-03   3.8s
  734   0.8835   0.8835    0.245   4.15e-03   3.9s
  735   0.8778   0.8778    0.246   4.12e-03   3.9s
  736   0.8808   0.8808    0.246   4.10e-03   3.8s
  737   0.8814   0.8814    0.244   4.08e-03   3.9s
  738   0.8823   0.8823    0.243   4.06e-03   3.8s
  739   0.8854   0.8854    0.242   4.04e-03   4.0s ***
  740   0.8825   0.8825    0.244   4.02e-03   3.9s
  741   0.8859   0.8859    0.244   3.99e-03   4.0s
  742   0.8815   0.8815    0.244   3.97e-03   4.0s
  743   0.8805   0.8805    0.245   3.95e-03   4.0s
  744   0.8817   0.8817    0.244   3.93e-03   4.0s
  745   0.8781   0.8781    0.244   3.91e-03   4.0s
  746   0.8740   0.8740    0.244   3.89e-03   4.0s
  747   0.8788   0.8788    0.245   3.86e-03   3.9s
  748   0.8836   0.8836    0.244   3.84e-03   4.0s
  749   0.8774   0.8774    0.242   3.82e-03   4.0s ***
  750   0.8759   0.8759    0.244   3.80e-03   4.0s
  751   0.8764   0.8764    0.244   3.78e-03   4.0s
  752   0.8746   0.8746    0.242   3.76e-03   4.1s ***
  753   0.8719   0.8719    0.243   3.74e-03   4.1s
  754   0.8780   0.8780    0.244   3.71e-03   4.0s
  755   0.8756   0.8756    0.244   3.69e-03   4.0s
  756   0.8774   0.8774    0.244   3.67e-03   4.0s
  757   0.8785   0.8785    0.243   3.65e-03   3.9s
  758   0.8713   0.8713    0.244   3.63e-03   4.1s
  759   0.8747   0.8747    0.246   3.61e-03   4.1s
  760   0.8749   0.8749    0.243   3.58e-03   4.2s
  761   0.8686   0.8686    0.243   3.56e-03   4.0s
  762   0.8719   0.8719    0.245   3.54e-03   4.0s
  763   0.8706   0.8706    0.244   3.52e-03   3.8s
  764   0.8699   0.8699    0.244   3.50e-03   3.8s
  765   0.8733   0.8733    0.245   3.48e-03   3.8s
  766   0.8731   0.8731    0.243   3.45e-03   3.8s
  767   0.8701   0.8701    0.243   3.43e-03   3.8s
  768   0.8736   0.8736    0.244   3.41e-03   3.8s
  769   0.8683   0.8683    0.244   3.39e-03   3.7s
  770   0.8704   0.8704    0.245   3.37e-03   3.6s
  771   0.8669   0.8669    0.246   3.35e-03   3.7s
  772   0.8732   0.8732    0.246   3.32e-03   3.7s
  773   0.8822   0.8822    0.245   3.30e-03   3.8s
  774   0.8752   0.8752    0.244   3.28e-03   4.0s
  775   0.8711   0.8711    0.243   3.26e-03   3.7s
  776   0.8614   0.8614    0.243   3.24e-03   3.9s
  777   0.8750   0.8750    0.246   3.22e-03   3.8s
  778   0.8709   0.8709    0.244   3.20e-03   3.8s
  779   0.8707   0.8707    0.244   3.17e-03   3.9s
  780   0.8670   0.8670    0.243   3.15e-03   3.8s
  781   0.8608   0.8608    0.244   3.13e-03   3.8s
  782   0.8674   0.8674    0.243   3.11e-03   3.8s
  783   0.8626   0.8626    0.244   3.09e-03   3.8s
  784   0.8651   0.8651    0.243   3.07e-03   3.8s
  785   0.8677   0.8677    0.243   3.04e-03   3.8s
  786   0.8684   0.8684    0.244   3.02e-03   3.8s
  787   0.8649   0.8649    0.243   3.00e-03   3.8s
  788   0.8668   0.8668    0.244   2.98e-03   3.9s
  789   0.8681   0.8681    0.242   2.96e-03   3.9s
  790   0.8569   0.8569    0.241   2.94e-03   3.8s ***
  791   0.8606   0.8606    0.242   2.91e-03   3.8s
  792   0.8527   0.8527    0.242   2.89e-03   4.0s
  793   0.8564   0.8564    0.243   2.87e-03   3.8s
  794   0.8500   0.8500    0.244   2.85e-03   3.7s
  795   0.8574   0.8574    0.242   2.83e-03   3.7s
  796   0.8559   0.8559    0.243   2.81e-03   3.8s
  797   0.8567   0.8567    0.244   2.78e-03   3.8s
  798   0.8575   0.8575    0.243   2.76e-03   3.9s
  799   0.8530   0.8530    0.244   2.74e-03   3.8s
  800   0.8618   0.8618    0.244   2.72e-03   3.8s
  801   0.8560   0.8560    0.243   2.70e-03   3.7s
  802   0.8440   0.8440    0.241   2.68e-03   3.9s ***
  803   0.8488   0.8488    0.242   2.66e-03   3.9s
  804   0.8549   0.8549    0.243   2.63e-03   3.8s
  805   0.8498   0.8498    0.241   2.61e-03   4.0s
  806   0.8632   0.8632    0.244   2.59e-03   3.9s
  807   0.8620   0.8620    0.243   2.57e-03   3.9s
  808   0.8550   0.8550    0.241   2.55e-03   3.9s ***
  809   0.8594   0.8594    0.242   2.53e-03   3.9s
  810   0.8510   0.8510    0.242   2.50e-03   3.9s
  811   0.8552   0.8552    0.243   2.48e-03   4.0s
  812   0.8514   0.8514    0.243   2.46e-03   3.9s
  813   0.8442   0.8442    0.242   2.44e-03   3.8s
  814   0.8501   0.8501    0.242   2.42e-03   3.8s
  815   0.8543   0.8543    0.243   2.40e-03   3.8s
  816   0.8523   0.8523    0.242   2.37e-03   3.9s
  817   0.8479   0.8479    0.241   2.35e-03   3.7s
  818   0.8458   0.8458    0.244   2.33e-03   3.8s
  819   0.8463   0.8463    0.241   2.31e-03   4.0s ***
  820   0.8456   0.8456    0.244   2.29e-03   4.0s
  821   0.8421   0.8421    0.241   2.27e-03   3.8s
  822   0.8433   0.8433    0.241   2.24e-03   3.9s
  823   0.8471   0.8471    0.242   2.22e-03   3.8s
  824   0.8436   0.8436    0.243   2.20e-03   3.8s
  825   0.8496   0.8496    0.241   2.18e-03   3.9s ***
  826   0.8477   0.8477    0.241   2.16e-03   4.0s
  827   0.8525   0.8525    0.241   2.14e-03   4.1s
  828   0.8386   0.8386    0.242   2.12e-03   4.0s
  829   0.8498   0.8498    0.241   2.09e-03   4.1s
  830   0.8479   0.8479    0.242   2.07e-03   3.9s
  831   0.8463   0.8463    0.241   2.05e-03   3.9s
  832   0.8452   0.8452    0.242   2.03e-03   4.0s
  833   0.8426   0.8426    0.241   2.01e-03   3.9s
  834   0.8418   0.8418    0.241   1.99e-03   3.8s
  835   0.8376   0.8376    0.241   1.96e-03   3.9s
  836   0.8416   0.8416    0.241   1.94e-03   3.9s
  837   0.8396   0.8396    0.241   1.92e-03   4.0s
  838   0.8408   0.8408    0.242   1.90e-03   4.0s
  839   0.8439   0.8439    0.241   1.88e-03   3.9s
  840   0.8419   0.8419    0.240   1.86e-03   3.9s ***
  841   0.8446   0.8446    0.240   1.83e-03   3.9s
  842   0.8476   0.8476    0.241   1.81e-03   3.9s
  843   0.8377   0.8377    0.242   1.79e-03   3.9s
  844   0.8393   0.8393    0.241   1.77e-03   4.0s
  845   0.8323   0.8323    0.241   1.75e-03   3.9s
  846   0.8328   0.8328    0.241   1.73e-03   4.0s
  847   0.8344   0.8344    0.240   1.70e-03   4.0s ***
  848   0.8446   0.8446    0.241   1.68e-03   4.1s
  849   0.8367   0.8367    0.242   1.66e-03   3.9s
  850   0.8419   0.8419    0.243   1.64e-03   4.1s
  851   0.8360   0.8360    0.242   1.62e-03   4.0s
  852   0.8404   0.8404    0.242   1.60e-03   3.9s
  853   0.8353   0.8353    0.241   1.58e-03   3.8s
  854   0.8387   0.8387    0.242   1.55e-03   3.9s
  855   0.8336   0.8336    0.240   1.53e-03   3.9s
  856   0.8339   0.8339    0.240   1.51e-03   4.0s
  857   0.8341   0.8341    0.241   1.49e-03   4.0s
  858   0.8271   0.8271    0.240   1.47e-03   4.0s
  859   0.8315   0.8315    0.240   1.45e-03   3.8s
  860   0.8327   0.8327    0.240   1.42e-03   4.0s ***
  861   0.8292   0.8292    0.241   1.40e-03   3.9s
  862   0.8358   0.8358    0.241   1.38e-03   4.2s
  863   0.8394   0.8394    0.239   1.36e-03   4.0s ***
  864   0.8421   0.8421    0.240   1.34e-03   4.0s
  865   0.8364   0.8364    0.239   1.32e-03   3.9s ***
  866   0.8335   0.8335    0.240   1.29e-03   4.0s
  867   0.8330   0.8330    0.240   1.27e-03   4.0s
  868   0.8301   0.8301    0.239   1.25e-03   4.0s
  869   0.8297   0.8297    0.242   1.23e-03   3.9s
  870   0.8306   0.8306    0.241   1.21e-03   4.0s
  871   0.8352   0.8352    0.240   1.19e-03   3.9s
  872   0.8307   0.8307    0.241   1.16e-03   4.1s
  873   0.8291   0.8291    0.242   1.14e-03   3.9s
  874   0.8294   0.8294    0.241   1.12e-03   3.8s
  875   0.8282   0.8282    0.241   1.10e-03   3.9s
  876   0.8349   0.8349    0.241   1.08e-03   3.8s
  877   0.8320   0.8320    0.241   1.06e-03   4.0s
  878   0.8265   0.8265    0.241   1.04e-03   4.0s
  879   0.8264   0.8264    0.240   1.01e-03   3.9s
  880   0.8254   0.8254    0.241   9.92e-04   3.9s
  881   0.8263   0.8263    0.240   9.70e-04   3.9s
  882   0.8296   0.8296    0.241   9.49e-04   4.0s
  883   0.8335   0.8335    0.240   9.27e-04   4.0s
  884   0.8252   0.8252    0.239   9.06e-04   3.9s
  885   0.8300   0.8300    0.240   8.84e-04   3.8s
  886   0.8239   0.8239    0.241   8.62e-04   3.8s
  887   0.8283   0.8283    0.240   8.41e-04   3.6s
  888   0.8195   0.8195    0.240   8.19e-04   3.8s
  889   0.8247   0.8247    0.240   7.98e-04   3.7s
  890   0.8297   0.8297    0.240   7.76e-04   3.7s
  891   0.8270   0.8270    0.240   7.54e-04   3.8s
  892   0.8219   0.8219    0.241   7.33e-04   3.8s
  893   0.8259   0.8259    0.241   7.11e-04   3.8s
  894   0.8256   0.8256    0.241   6.90e-04   3.8s
  895   0.8288   0.8288    0.241   6.68e-04   3.9s
  896   0.8160   0.8160    0.242   6.46e-04   3.7s
  897   0.8207   0.8207    0.241   6.25e-04   3.7s
  898   0.8240   0.8240    0.240   6.03e-04   3.8s
  899   0.8223   0.8223    0.240   5.82e-04   3.8s
  900   0.8236   0.8236    0.241   5.60e-04   3.8s
  901   0.8190   0.8190    0.240   5.38e-04   3.8s
  902   0.8208   0.8208    0.239   5.17e-04   3.7s
  903   0.8208   0.8208    0.239   4.95e-04   3.7s
  904   0.8210   0.8210    0.240   4.74e-04   3.8s
  905   0.8289   0.8289    0.239   4.52e-04   3.8s
  906   0.8222   0.8222    0.240   4.30e-04   3.8s
  907   0.8243   0.8243    0.240   4.09e-04   3.7s
  908   0.8274   0.8274    0.239   3.87e-04   3.8s
  909   0.8254   0.8254    0.240   3.66e-04   3.8s
  910   0.8298   0.8298    0.240   3.44e-04   3.8s
  911   0.8281   0.8281    0.239   3.22e-04   3.9s
  912   0.8231   0.8231    0.239   3.01e-04   3.8s
  913   0.8217   0.8217    0.239   2.79e-04   3.9s
  914   0.8201   0.8201    0.240   2.58e-04   4.0s
  915   0.8198   0.8198    0.239   2.36e-04   3.8s

Early stop at epoch 915 (patience=50)

======================================================================
RESULTS — L1.1c_paper_withinday
  Best Val PER: 23.9%
  Test PER:     25.4%
  Paper ref:    19.7% PER (Willett et al. 2023)
  Params:       11.4M
======================================================================
Results saved: /mnt/home/vincent.wilmet/bci/.claude/worktrees/rbl1/brain2speech/results/lead1/L1.1c_paper_withinday_20260313_084230.json
Checkpoint saved: /mnt/home/vincent.wilmet/bci/.claude/worktrees/rbl1/brain2speech/results/lead1/L1.1c_paper_withinday_best.pt
